15.783  3.00    2.00    2       2
12.570  1.66    2.33    3       2
19.600  3.33    2.33    2       2
8.206   1.66    1.66    2       2
15.333  2.33    2.33    5       2
14.955  5.00    3.00    2       2
13.710  4.33    3.00    2       2
11.388  2.33    2.33    3       2
4.802   1.33    1.66    2       2
12.547  3.00    2.66    2       2
13.677  3.00    3.33    2       2
9.683   1.33    2.33    2       2
16.798  2.66    3.00    4       2
25.615  3.00    3.33    4       2
15.734  3.00    3.00    2       2
13.510  3.00    3.00    2       2
13.855  3.33    3.00    2       2
3.986   2.33    1.66    2       2
5.997   2.33    2.00    2       2
9.778   2.00    2.66    2       2
10.152  2.00    3.00    2       2
