0.1  7.6  1 25 7.84 60 0  0
2   12    1 25 3.34 10 0  0
4.9  5.6  1 41 3.34 60 1 60
0.3 11.3  1 41 7.84 10 1 10
0.1  4.0  1 33 5.74 35 0  0
0.5  5    1 33 5.74 35 1 35
0 1 1  1 7.8408 25 1 25
0 1 1 9 7.8408 63 0 0
0 1 1 29 2.9304 32 0 0
0 1 1 10 7.8408 61 0 0
0 1 1 2 7.8408 43 1 43
0 1 1 9 7.8408 27 0 0
1 1 1 25 0 30 1 30
0 1 1 2 7.55 25 0 0
0 1 1 11 7.8408 42 1 42
0 1 1 16 7.8408 80 1 80
0 1 1 9 7.1082 32 1 32
0 1 1 25 7.8408 38 0 0
0 1 1 16 7.55 50 0 0
0 1 1 4 7.8408 2 0 0
0 1 1 4 7.8408 23 1 23
0 1 1 13 7.8408 18 0 0
0 1 1 12 7.8408 50 0 0
0 1 1 2 7.8408 36 0 0
1 1 1 34 7.1082 39 0 0
0 1 1 8 7.8408 55 0 0
0 1 1 5 7.8408 23 0 0
0 1 1 9 7.8408 26 1 26
0 1 1 4 6.904 2 0 0
0 1 1 33 7.8408 18 0 0
0 1 1 9 7.8408 28 0 0
1 1 1 34 7.8408 65 0 0
0 1 1 20 6.6132 1 0 0
0 1 1 4 7.8408 26 0 0
0 1 1 9 7.8408 32 0 0
0 1 1 13 7.8408 31 1 31
1 1 1 38 2.9304 20 0 0
0 1 1 25 7.8408 25 1 25
0 1 1 34 7.8408 25 0 0
0 1 1 45 5.3856 15 0 0
0 1 1 9 7.55 46 0 0
0 1 1 9 7.8408 32 0 0
0 1 1 2 7.8408 74 0 0
0 1 1 8 7.8408 35 0 0
0 1 1 25 7.55 36 0 0
0 1 1 9 7.8408 22 1 22
0 1 1 13 7.8408 39 0 0
0 1 1 1 7.8408 37 1 37
0 1 1 9 7.8408 16 1 16
0 1 1 4 7.8408 70 0 0
0 1 1 25 7.55 18 1 18
0 1 1 12 5.9672 46 0 0
0 1 1 25 7.8408 24 0 0
0 1 1 9 7.8408 33 0 0
1 1 1 25 7.1082 39 0 0
0 1 1 18 7.8408 25 1 25
0 1 1 9 7.8408 23 1 23
1 1 1 9 7.8408 66 1 66
0 1 1 18 7.8408 19 1 19
0 1 1 9 7.8408 47 0 0
0 1 1 2 7.8408 29 0 0
0 1 1 16 7.8408 19 0 0
0 1 1 34 7.8408 23 0 0
0 1 1 16 7.8408 52 0 0
0 1 1 30 7.8408 26 0 0
0 1 1 17 6.3756 69 0 0
0 1 1 14 7.8408 41 0 0
1 1 1 54 1.4652 21 0 0
0 1 1 25 4.2112 20 1 20
0 1 1 10 7.8408 56 0 0
0 1 1 25 7.8408 22 0 0
0 1 1 2 7.8408 18 0 0
0 1 1 19 6.904 56 0 0
0 1 1 1 7.8408 24 1 24
1 1 1 14 7.8408 32 0 0
0 1 1 12 7.8408 29 0 0
0 1 1 8 6.904 31 0 0
0 1 1 4 7.8408 26 1 26
0 1 1 9 7.1082 45 0 0
1 1 1 9 7.8408 41 0 0
0 1 1 26 6.904 19 0 0
0 1 1 2 7.8408 22 1 22
0 1 1 2 7.55 29 1 29
0 1 1 10 7.8408 55 0 0
0 1 1 14 7.8408 35 0 0
0 1 1 13 7.8408 32 0 0
0 1 1 9 7.8408 19 0 0
0 1 1 9 7.8408 17 0 0
0 1 1 18 6.904 14 0 0
0 1 1 4 7.8408 33 0 0
0 1 1 17 7.55 30 0 0
0 1 1 5 6.904 9 0 0
0 1 1 16 7.8408 16 0 0
0 1 1 10 7.8408 42 0 0
0 1 1 4 7.55 24 1 24
0 1 1 9 7.8408 22 0 0
0 1 1 38 7.8408 49 0 0
0 1 1 35 7.8408 17 1 17
0 1 1 8 7.8408 46 0 0
0 1 1 16 7.55 24 1 24
0 1 1 9 7.8408 34 0 0
0 1 1 1 7.8408 33 0 0
0 1 1 22 7.8408 26 0 0
0 1 1 4 7.55 19 0 0
0 1 1 4 7.8408 30 0 0
0 1 1 16 7.8408 1 0 0
0 1 1 9 7.8408 21 1 21
0 1 1 4 7.8408 12 0 0
0 1 1 29 7.8408 56 0 0
0 1 1 34 7.8408 49 0 0
0 1 1 1 7.8408 16 1 16
0 1 1 22 7.8408 31 0 0
0 1 1 16 7.8408 37 0 0
0 1 1 16 6.8174 39 1 39
0 1 1 4 7.8408 16 0 0
0 1 1 4 7.8408 2 0 0
0 1 1 16 4.804 8 0 0
0 1 1 29 5.9672 49 0 0
0 1 1 9 7.8408 20 0 0
0 1 1 9 7.55 3 0 0
0 1 1 29 7.8408 21 0 0
0 1 1 20 7.8408 44 0 0
0 1 1 12 7.8408 29 0 0
0 1 1 9 7.8408 34 0 0
0 1 1 11 7.8408 41 0 0
0 1 1 1 7.8408 34 0 0
1 1 1 25 3.8672 65 0 0
0 1 1 34 5.0304 42 0 0
0 1 1 18 7.8408 29 0 0
0 1 1 16 7.55 28 0 0
0 1 1 8 7.8408 44 0 0
0 1 1 13 5.9672 42 0 0
0 1 1 9 7.8408 23 0 0
0 1 1 9 7.55 16 1 16
0 1 1 11 7.8408 42 0 0
0 1 1 10 7.8408 38 1 38
0 1 1 5 7.8408 38 0 0
0 1 1 8 7.8408 34 0 0
0 1 1 13 7.8408 31 0 0
0 1 1 10 7.8408 65 0 0
1 1 1 13 7.8408 37 1 37
0 1 1 29 4.0936 44 0 0
0 1 1 1 7.8408 35 0 0
0 1 1 9 7.8408 27 1 27
0 1 1 20 7.8408 39 0 0
0 1 1 25 7.8408 16 1 16
0 1 1 13 7.8408 6 0 0
0 1 1 20 7.55 62 0 0
0 1 1 1 7.8408 66 1 66
0 1 1 9 7.55 19 0 0
0 1 1 9 7.8408 28 0 0
0 1 1 5 7.55 8 0 0
0 1 1 13 7.8408 43 1 43
0 1 1 4 7.8408 19 0 0
0 1 1 9 7.8408 26 0 0
0 1 1 5 7.8408 32 1 32
0 1 1 34 5.9672 21 0 0
0 1 1 19 6.8174 23 1 23
1 1 1 29 2.9304 21 0 0
0 1 1 3 7.8408 17 0 0
0 1 1 34 6.904 21 0 0
0 1 1 9 7.8408 52 0 0
0 1 1 4 7.8408 35 1 35
0 1 1 10 7.8408 42 0 0
0 1 1 10 7.8408 40 0 0
0 1 1 11 5.2346 40 0 0
0 1 1 1 7.8408 21 0 0
0 1 1 11 7.8408 44 0 0
0 1 1 10 6.8174 37 0 0
0 1 1 50 6.904 40 0 0
0 1 1 25 4.6196 18 1 18
0 1 1 9 7.8408 38 1 38
0 1 1 14 7.8408 18 0 0
0 1 1 8 7.8408 36 0 0
0 1 1 25 7.8408 29 0 0
0 1 1 9 6.3756 42 1 42
0 1 1 29 3.2212 16 0 0
0 1 1 4 7.8408 39 0 0
1 1 1 13 7.8408 90 0 0
0 1 1 13 5.6764 16 0 0
0 1 1 1 7.8408 38 1 38
0 1 1 16 6.904 14 0 0
0 1 1 10 7.8408 51 0 0
0 1 1 9 7.8408 38 0 0
1 1 1 25 5.9672 24 1 24
0 1 1 3 7.1082 24 1 24
0 1 1 5 7.8408 7 0 0
0 1 1 9 7.8408 10 0 0
0 1 1 9 7.8408 26 0 0
1 1 1 25 5.8806 82 0 0
0 1 1 9 7.8408 22 0 0
0 1 1 34 7.1082 33 0 0
0 1 1 27 7.8408 68 0 0
0 1 1 4 7.55 18 0 0
0 1 1 16 7.8408 59 0 0
0 1 1 27 4.2112 1 0 0
0 1 1 9 7.8408 48 1 48
0 1 1 10 7.8408 35 0 0
0 1 1 8 7.8408 21 0 0
0 1 1 17 7.8408 23 0 0
0 1 1 22 7.8408 23 0 0
0 1 1 20 7.8408 17 0 0
0 1 1 22 7.1082 25 0 0
0 1 1 9 7.55 28 0 0
0 1 1 18 7.8408 15 1 15
1 1 1 25 4.4488 13 1 13
0 1 1 9 7.55 3 0 0
0 1 1 13 7.55 20 1 20
0 1 1 10 7.8408 32 1 32
0 1 1 18 5.3856 48 0 0
0 1 1 5 7.8408 25 1 25
0 1 1 20 7.8408 15 0 0
0 1 1 9 7.8408 16 0 0
0 1 1 38 6.904 22 0 0
0 1 1 13 7.55 41 0 0
0 1 1 13 7.8408 21 1 21
0 1 1 20 6.904 9 0 0
0 1 1 6 7.8408 61 0 0
0 1 1 14 7.8408 23 0 0
0 1 1 2 7.55 3 0 0
0 1 1 10 7.8408 13 0 0
0 1 1 13 4.0936 34 0 0
0 1 1 8 7.8408 20 0 0
0 1 1 17 6.6776 21 0 0
0 1 1 9 7.8408 26 0 0
0 1 1 4 7.8408 36 0 0
0 1 1 5 7.8408 74 0 0
0 1 1 5 7.8408 64 0 0
0 1 1 20 7.8408 28 0 0
0 1 1 4 7.8408 39 1 39
0 1 1 22 7.8408 39 0 0
0 1 1 9 7.8408 26 0 0
0 1 1 4 7.8408 26 0 0
1 1 1 29 5.0304 61 0 0
0 1 1 5 7.8408 5 0 0
0 1 1 38 7.8408 16 0 0
0 1 1 17 7.8408 35 0 0
0 1 1 50 2.1978 56 0 0
0 1 1 13 7.8408 23 0 0
0 1 1 20 7.8408 22 0 0
0 1 1 11 7.8408 63 0 0
0 1 1 9 7.8408 26 0 0
0 1 1 14 7.8408 24 1 24
0 1 1 10 7.1082 30 1 30
0 1 1 1 7.8408 22 1 22
0 1 1 1 7.8408 27 1 27
0 1 1 14 7.8408 50 0 0
0 1 1 34 7.8408 19 0 0
0 1 1 4 7.8408 6 0 0
0 1 1 27 6.904 47 0 0
0 1 1 20 7.8408 43 0 0
0 1 1 2 7.8408 74 1 74
0 1 1 1 7.8408 30 1 30
1 1 1 25 2.9304 19 0 0
0 1 1 29 5.9672 28 0 0
0 1 1 2 7.8408 20 1 20
0 1 1 20 5.9672 10 0 0
0 1 1 4 7.8408 29 0 0
0 1 1 26 4.804 20 0 0
0 1 1 9 7.8408 20 1 20
0 1 1 13 5.7408 84 0 0
0 1 1 9 7.8408 28 1 28
0 1 1 9 7.55 26 1 26
0 1 1 9 7.8408 28 1 28
0 1 1 10 7.8408 27 0 0
0 1 1 16 7.8408 23 0 0
1 1 1 75 1.4652 35 0 0
0 1 1 13 7.55 4 1 4
0 1 1 27 3.8672 24 0 0
1 1 1 34 3.512 94 0 0
0 1 1 10 7.8408 30 1 30
0 1 1 10 7.8408 32 1 32
0 1 1 13 7.8408 52 0 0
0 1 1 25 7.8408 18 1 18
1 1 1 29 6.0848 21 0 0
0 1 1 13 7.8408 73 0 0
0 1 1 9 7.55 24 1 24
0 1 1 1 7.8408 37 0 0
0 1 1 10 7.8408 17 0 0
0 1 1 29 7.8408 30 0 0
0 1 1 4 7.8408 50 1 50
0 1 1 10 6.6776 36 0 0
1 1 1 43 7.8408 47 0 0
0 1 1 4 7.8408 30 0 0
0 1 1 1 7.8408 30 1 30
0 1 1 9 6.6132 2 0 0
0 1 1 1 7.8408 23 0 0
0 1 1 13 7.8408 31 1 31
0 1 1 13 7.8408 23 0 0
0 1 1 16 7.8408 24 0 0
0 1 1 9 7.8408 3 0 0
0 1 1 18 7.8408 15 0 0
0 1 1 4 7.8408 30 1 30
0 1 1 1 7.8408 28 0 0
0 1 1 9 7.8408 46 0 0
0 1 1 13 7.8408 71 0 0
0 1 1 14 7.8408 25 0 0
0 1 1 50 5.9672 15 0 0
0 1 1 8 7.8408 3 0 0
0 1 1 4 7.8408 22 0 0
0 1 1 18 7.1082 38 1 38
0 1 1 29 3.8672 25 0 0
0 1 1 10 7.8408 10 0 0
0 1 1 13 7.8408 48 0 0
0 1 1 6 7.8408 15 0 0
0 1 1 1 7.8408 19 1 19
